
[xA, yA, xB, yB]
[15, 195, 86, 337]
[106, 183, 182, 335]
[108, 185, 182, 333]
[73, 309, 142, 447]
[113, 186, 185, 331]
[80, 315, 149, 453]
[114, 189, 186, 332]
[96, 307, 170, 454]
[32, 53, 239, 466]
[56, 61, 255, 458]
[56, 61, 255, 458]
[60, 69, 250, 449]
[61, 68, 255, 456]
[61, 68, 255, 456]
[61, 68, 255, 456]
[64, 50, 267, 455]
[68, 49, 263, 439]
[71, 56, 262, 437]
[74, 60, 259, 431]
[74, 59, 261, 434]
[76, 61, 258, 426]
[76, 55, 262, 426]
[82, 53, 266, 421]
[93, 63, 271, 418]
[96, 54, 277, 416]
[103, 57, 281, 413]
[105, 54, 280, 403]
[107, 45, 287, 405]
[110, 45, 289, 404]
[112, 44, 293, 405]
[116, 44, 292, 396]
[117, 44, 293, 395]
[125, 64, 294, 401]
[122, 46, 299, 400]
[125, 47, 297, 391]
[129, 51, 299, 391]
[135, 44, 302, 377]
[137, 36, 305, 371]
[144, 40, 308, 367]
[144, 38, 311, 371]
[144, 38, 311, 371]
[150, 43, 310, 364]
[148, 41, 312, 368]
[155, 38, 319, 366]
[161, 37, 324, 363]
[167, 36, 325, 351]
[167, 36, 327, 356]
[171, 39, 324, 344]
[169, 37, 324, 346]
[170, 35, 328, 351]
[174, 39, 326, 343]
[179, 40, 327, 335]
[181, 43, 325, 331]
[180, 42, 326, 334]
[181, 41, 326, 331]
[186, 37, 331, 327]
[189, 30, 333, 319]
[193, 31, 334, 312]
[194, 36, 333, 314]
[194, 33, 337, 319]
[194, 32, 341, 327]
[195, 32, 342, 326]
[205, 37, 342, 311]
[206, 35, 342, 306]
[208, 34, 345, 308]
[211, 34, 345, 302]
[213, 34, 348, 303]
[215, 36, 345, 296]
[216, 36, 348, 301]
[218, 38, 348, 297]
[218, 37, 349, 298]
[216, 36, 350, 303]
[220, 34, 344, 281]
[219, 33, 345, 285]
[221, 34, 344, 279]
[222, 33, 343, 275]
[223, 34, 342, 271]
[226, 33, 346, 273]
[225, 28, 351, 280]
[228, 33, 356, 290]
[227, 31, 357, 291]
[233, 36, 355, 279]
[238, 36, 355, 269]
[239, 38, 355, 269]
[241, 36, 355, 263]
[240, 34, 356, 267]
[239, 32, 357, 267]
[239, 32, 359, 271]
[241, 35, 358, 268]
[243, 36, 361, 271]
[247, 36, 358, 257]
[241, 30, 362, 272]
[246, 30, 361, 261]
[248, 28, 364, 260]
[254, 29, 364, 249]
[254, 30, 366, 254]
[255, 32, 367, 256]
[257, 34, 366, 252]
[260, 35, 372, 259]
[263, 34, 375, 259]
[267, 35, 375, 250]
[269, 36, 375, 248]
[269, 34, 377, 249]
[271, 30, 378, 244]
[272, 32, 379, 246]
[271, 29, 380, 247]
[271, 32, 379, 248]
[271, 32, 379, 248]
[271, 30, 379, 246]
[275, 32, 377, 236]
[275, 32, 377, 236]
[277, 31, 377, 231]
[276, 29, 377, 230]
[276, 27, 378, 230]
[275, 26, 378, 232]
[278, 30, 377, 228]
[277, 30, 378, 232]
[278, 33, 380, 236]
[282, 33, 378, 224]
[286, 39, 374, 215]
[286, 35, 381, 224]
[289, 37, 377, 214]
[293, 35, 381, 212]
[297, 35, 382, 206]
[298, 36, 382, 204]
[298, 37, 383, 206]
[298, 37, 381, 203]
[297, 36, 383, 209]
[298, 40, 383, 209]
[266, 118, 361, 307]
[298, 38, 384, 209]
[298, 38, 384, 209]
[298, 38, 384, 209]
[297, 34, 385, 210]
[296, 34, 384, 210]
[266, 118, 361, 307]
[300, 38, 381, 201]
[266, 118, 361, 307]
[299, 35, 384, 205]
[266, 118, 361, 307]
[298, 35, 384, 207]
[269, 125, 358, 303]
[300, 37, 384, 205]
[269, 125, 358, 303]
[300, 38, 386, 209]
[269, 125, 358, 303]
[299, 38, 386, 212]
[269, 125, 358, 303]
[301, 39, 387, 211]
[269, 125, 358, 303]
[301, 36, 390, 213]
[270, 127, 357, 301]
[303, 33, 389, 205]
[269, 124, 359, 303]
[306, 33, 389, 198]
[269, 122, 359, 303]
[306, 31, 389, 197]
[269, 124, 359, 303]
[306, 31, 389, 197]
[307, 32, 388, 194]
[309, 35, 390, 197]
[310, 35, 390, 194]
[311, 38, 388, 191]
[311, 37, 388, 191]
[311, 36, 389, 191]
[311, 35, 388, 189]
[266, 122, 358, 307]
[312, 34, 388, 186]
[266, 122, 358, 307]
[313, 33, 389, 185]
[313, 33, 389, 185]
[313, 28, 393, 187]
[313, 30, 392, 188]
[314, 34, 391, 188]
[314, 35, 391, 189]
[315, 35, 391, 187]
[316, 36, 392, 187]
[317, 33, 395, 188]
[315, 25, 399, 193]
[317, 26, 400, 192]
[317, 26, 400, 192]
[316, 24, 400, 193]
[317, 25, 400, 191]
[317, 26, 400, 191]
[317, 26, 400, 191]
[317, 26, 398, 187]
[317, 26, 399, 191]
[316, 27, 396, 187]
[316, 28, 396, 187]
[317, 32, 395, 188]
[316, 26, 397, 188]
[317, 28, 396, 186]
[317, 24, 398, 185]
[319, 24, 402, 189]
[319, 25, 402, 190]
[323, 28, 402, 185]
[323, 26, 404, 187]
[323, 26, 404, 187]
[323, 26, 404, 187]
[324, 28, 402, 185]
[327, 29, 404, 182]
[328, 31, 404, 183]
[328, 31, 404, 183]
[328, 31, 404, 182]
[328, 31, 404, 182]
[328, 31, 404, 183]
[328, 31, 401, 178]
[325, 26, 404, 183]
[314, 20, 412, 216]
[332, 27, 402, 167]
[330, 25, 410, 184]
[333, 28, 410, 181]
[333, 28, 410, 181]
[332, 27, 410, 184]
[333, 28, 410, 181]
[333, 27, 410, 181]
[335, 24, 413, 179]
[336, 27, 412, 180]
[335, 28, 413, 183]
[336, 28, 413, 181]
[337, 27, 413, 179]
[337, 27, 413, 179]
[336, 26, 414, 182]
[338, 26, 414, 179]
[339, 27, 414, 176]
[339, 26, 415, 177]
[339, 27, 415, 178]
[346, 28, 413, 162]
[346, 28, 413, 162]
[346, 28, 413, 162]
[346, 27, 418, 170]
[345, 26, 418, 171]
[347, 28, 420, 173]
[347, 28, 419, 171]
[346, 27, 418, 171]
[347, 28, 420, 173]
[347, 30, 418, 173]
[347, 30, 418, 173]
[347, 29, 422, 179]
[345, 25, 423, 180]
[346, 24, 424, 180]
[346, 25, 423, 179]
[347, 24, 426, 181]
[348, 23, 425, 177]
[350, 26, 426, 178]
[350, 24, 429, 181]
[350, 23, 429, 181]
[350, 22, 430, 181]
[354, 27, 431, 181]
[355, 26, 432, 179]
[355, 26, 432, 179]
[363, 30, 438, 180]
[363, 30, 438, 180]
[362, 24, 440, 180]
[362, 26, 441, 183]
[364, 24, 444, 183]
[364, 25, 445, 186]
[363, 24, 445, 188]
[363, 26, 445, 190]
[364, 27, 445, 190]
[364, 26, 446, 190]
[364, 28, 445, 191]
[365, 28, 446, 190]
[367, 29, 447, 189]
[366, 21, 450, 188]
[367, 24, 452, 194]
[367, 23, 454, 197]
[368, 22, 455, 195]
[371, 25, 455, 193]
[371, 25, 455, 193]
[371, 24, 457, 196]
[375, 23, 458, 188]
[380, 26, 458, 182]
[382, 22, 460, 177]
[381, 25, 461, 186]
[381, 25, 461, 184]
[382, 26, 461, 184]
[383, 23, 462, 180]
[386, 28, 462, 180]
[386, 29, 462, 182]
[386, 29, 462, 182]
[387, 33, 461, 182]
[388, 36, 461, 182]
[387, 34, 462, 184]
[387, 33, 463, 184]
[387, 30, 466, 187]
[387, 30, 466, 187]
[390, 32, 468, 188]
[391, 33, 467, 186]
[394, 36, 470, 187]
[394, 36, 470, 187]
[393, 29, 472, 187]
[394, 36, 470, 188]
[394, 36, 470, 188]
[396, 35, 471, 184]
[395, 37, 468, 183]
[395, 37, 468, 183]
[396, 39, 468, 183]
[392, 37, 467, 188]
[382, 0, 481, 199]
[388, 36, 466, 191]
[380, 0, 479, 199]
[385, 38, 461, 189]
[369, 233, 445, 385]
[366, 0, 465, 199]
[381, 35, 458, 189]
[376, 32, 459, 198]
[368, 235, 443, 386]
[376, 37, 450, 185]
[368, 40, 447, 198]
[366, 33, 445, 192]
[365, 40, 440, 189]
[365, 44, 437, 187]
[362, 43, 436, 191]
[361, 44, 436, 194]
[356, 41, 434, 197]
[354, 33, 432, 190]
[354, 33, 432, 190]
[355, 35, 431, 188]
[352, 34, 427, 183]
[347, 32, 426, 190]
[346, 33, 422, 186]
[343, 35, 419, 188]
[342, 38, 417, 187]
[337, 36, 416, 194]
[335, 34, 414, 192]
[331, 35, 407, 188]
[325, 35, 406, 196]
[325, 37, 406, 198]
[323, 32, 406, 197]
[323, 32, 406, 197]
[322, 32, 405, 198]
[322, 36, 400, 191]
[320, 36, 398, 191]
[323, 39, 394, 180]
[318, 35, 395, 188]
[315, 33, 393, 189]
[316, 34, 391, 185]
[313, 32, 393, 192]
[312, 36, 391, 194]
[313, 37, 389, 189]
[308, 31, 388, 191]
[308, 35, 384, 187]
[306, 36, 382, 187]
[304, 35, 382, 191]
[266, 118, 361, 307]
[305, 38, 380, 187]
[266, 122, 358, 307]
[306, 40, 379, 186]
[266, 122, 358, 307]
[304, 38, 378, 186]
[266, 122, 358, 307]
[305, 39, 379, 186]
[266, 122, 358, 307]
[303, 39, 378, 188]
[266, 122, 358, 307]
[303, 39, 378, 188]
[266, 122, 358, 307]
[304, 35, 380, 187]
[266, 122, 358, 307]
[306, 37, 381, 186]
[266, 122, 358, 307]
[307, 37, 382, 187]
[266, 122, 358, 307]
[306, 36, 383, 189]
[266, 122, 358, 307]
[306, 37, 383, 191]
[266, 122, 358, 307]
[309, 37, 384, 187]
[266, 118, 361, 307]
[310, 39, 384, 186]
[311, 39, 383, 183]
[309, 38, 383, 185]
[311, 42, 383, 186]
[314, 41, 386, 184]
[312, 40, 385, 186]
[312, 38, 389, 193]
[312, 37, 387, 187]
[314, 35, 391, 189]
[313, 34, 393, 193]
[316, 40, 394, 195]
[314, 36, 396, 200]
[318, 41, 397, 199]
[317, 33, 401, 200]
[319, 33, 402, 200]
[318, 31, 403, 202]
[318, 29, 404, 201]
[319, 31, 404, 201]
[319, 32, 403, 199]
[318, 31, 404, 202]
[319, 33, 403, 201]
[319, 34, 402, 200]
[319, 33, 403, 201]
[316, 34, 402, 206]
[317, 33, 404, 207]
[318, 37, 399, 200]
[315, 38, 398, 204]
[315, 35, 399, 204]
[317, 35, 400, 202]
[316, 36, 401, 206]
[339, 140, 427, 315]
[316, 39, 400, 206]
[316, 34, 404, 210]
[341, 140, 427, 312]
[316, 33, 405, 211]
[341, 140, 427, 312]
[317, 33, 406, 211]
[341, 140, 427, 312]
[317, 33, 409, 216]
[318, 33, 409, 215]
[344, 136, 432, 311]
[322, 37, 410, 212]
[345, 134, 432, 308]
[324, 33, 413, 211]
[346, 138, 431, 308]
[327, 35, 415, 211]
[346, 141, 429, 307]
[327, 36, 415, 212]
[346, 138, 431, 308]
[328, 36, 414, 208]
[346, 138, 431, 308]
[330, 37, 417, 210]
[346, 138, 431, 308]
[329, 39, 415, 212]
[348, 140, 430, 304]
[332, 39, 418, 211]
[352, 146, 429, 300]
[332, 40, 420, 216]
[331, 37, 423, 220]
[328, 34, 425, 228]
[351, 136, 436, 305]
[332, 35, 426, 223]
[333, 34, 426, 219]
[332, 31, 429, 224]
[335, 31, 432, 225]
[337, 33, 434, 226]
[341, 39, 436, 229]
[341, 35, 449, 250]
[347, 32, 453, 244]
[349, 32, 453, 241]
[351, 140, 436, 309]
[355, 35, 454, 232]
[356, 35, 454, 232]
[364, 42, 453, 220]
[364, 39, 458, 228]
[367, 43, 459, 228]
[365, 45, 459, 234]
[366, 45, 460, 233]
[366, 45, 460, 233]
[368, 42, 461, 227]
[368, 40, 461, 225]
[365, 37, 467, 242]
[364, 32, 470, 244]
[364, 34, 472, 250]
[362, 32, 474, 256]
[364, 34, 473, 252]
[364, 34, 475, 256]
[365, 34, 477, 257]
[364, 35, 476, 259]
[374, 44, 476, 248]
[379, 45, 478, 243]
[379, 45, 480, 247]
[379, 45, 480, 247]
[382, 44, 485, 249]
[382, 42, 484, 246]
[382, 42, 484, 246]
[382, 42, 484, 246]
[383, 44, 484, 246]
[380, 42, 484, 251]
[379, 45, 482, 251]
[377, 47, 480, 253]
[377, 46, 482, 257]
[377, 46, 482, 257]
[377, 46, 482, 257]
[378, 48, 482, 257]
[376, 47, 483, 261]
[378, 46, 487, 264]
[378, 49, 485, 263]
[379, 51, 486, 264]
[376, 41, 494, 277]
[377, 42, 492, 272]
[378, 44, 492, 273]
[378, 44, 492, 273]
[379, 42, 493, 270]
[378, 39, 495, 274]
[378, 41, 495, 275]
[378, 44, 492, 273]
[379, 46, 493, 274]
[372, 45, 492, 284]
[369, 44, 491, 288]
[369, 44, 491, 288]
[367, 45, 486, 284]
[359, 47, 481, 291]
[359, 44, 482, 289]
[358, 42, 484, 293]
[358, 42, 484, 293]
[355, 37, 485, 297]
[359, 44, 485, 295]
[354, 46, 484, 306]
[357, 39, 501, 326]
[352, 37, 497, 326]
[357, 43, 497, 323]
[357, 43, 497, 323]
[353, 38, 502, 335]
[352, 41, 501, 338]
[351, 49, 491, 328]
[348, 46, 493, 336]
[348, 46, 493, 335]
[348, 46, 493, 335]
[345, 45, 490, 335]
[346, 43, 490, 331]
[345, 45, 490, 335]
[344, 43, 490, 335]
[345, 42, 491, 334]
[343, 41, 491, 336]
[342, 41, 491, 339]
[345, 43, 492, 337]
[342, 45, 495, 350]
[338, 44, 496, 360]
[335, 49, 496, 370]
[333, 40, 499, 371]
[336, 50, 483, 345]
[339, 48, 488, 345]
[339, 43, 494, 352]
[337, 40, 496, 359]
[339, 48, 487, 343]
[337, 48, 487, 348]
[332, 43, 488, 355]
[330, 43, 494, 370]
[328, 48, 492, 375]
[326, 54, 488, 377]
[324, 50, 489, 380]
[321, 52, 489, 388]
[313, 44, 489, 396]
[313, 48, 483, 387]
[313, 52, 483, 392]
[313, 47, 484, 389]
[315, 53, 485, 392]
[311, 46, 485, 394]
[320, 48, 498, 405]
[313, 48, 499, 420]
[314, 46, 503, 424]
[315, 50, 498, 416]
[314, 50, 495, 412]
[314, 51, 499, 421]
[313, 49, 504, 430]
[311, 46, 505, 434]
[307, 44, 507, 443]
[309, 44, 512, 449]
[306, 46, 508, 449]
[306, 55, 508, 458]
[306, 62, 503, 455]
[306, 55, 508, 458]
[299, 51, 504, 460]
[298, 57, 500, 460]
[298, 50, 497, 449]
[297, 54, 495, 450]
[299, 51, 504, 460]
[299, 51, 504, 460]
[352, 71, 438, 243]
[388, 178, 455, 312]
[388, 178, 455, 312]
[113, 79, 179, 211]
[70, 70, 264, 458]
[76, 60, 273, 454]
[80, 64, 272, 449]
[80, 61, 279, 458]
[83, 51, 283, 451]
[83, 51, 283, 451]
[89, 59, 283, 446]
[96, 53, 290, 441]
[96, 53, 290, 441]
[106, 64, 296, 445]
[105, 63, 298, 450]
[109, 60, 303, 449]
[114, 71, 306, 454]
[129, 60, 316, 434]
[128, 49, 323, 439]
[126, 45, 324, 440]
[129, 49, 321, 433]
[135, 46, 327, 430]
[137, 44, 328, 426]
[140, 46, 330, 426]
[137, 44, 328, 426]
[137, 45, 325, 421]
[138, 43, 326, 419]
[143, 47, 313, 386]
[141, 42, 316, 393]
[142, 44, 314, 388]
[142, 41, 317, 390]
[142, 44, 318, 396]
[143, 45, 320, 399]
[143, 45, 320, 399]
[139, 41, 324, 411]
[146, 41, 328, 404]
[149, 37, 331, 402]
[148, 34, 332, 401]
[151, 36, 333, 400]
[160, 45, 326, 378]
[156, 37, 330, 386]
[161, 39, 332, 380]
[165, 36, 333, 371]
[0, 99, 71, 240]
[167, 40, 329, 364]
[171, 44, 327, 356]
[170, 45, 327, 359]
[171, 43, 329, 358]
[172, 41, 329, 355]
[173, 40, 329, 351]
[176, 41, 328, 344]
[177, 40, 324, 334]
[177, 40, 324, 334]
[180, 40, 325, 330]
[180, 40, 325, 330]
[182, 42, 327, 331]
[183, 41, 330, 335]
[186, 38, 334, 333]
[188, 39, 333, 329]
[187, 36, 335, 332]
[194, 41, 332, 317]
[193, 40, 332, 317]
[193, 40, 332, 317]
[191, 35, 335, 323]
[194, 33, 338, 321]
[194, 33, 338, 321]
[196, 36, 338, 319]
[195, 38, 335, 318]
[198, 36, 335, 309]
[198, 36, 334, 307]
[200, 37, 333, 302]
[201, 37, 334, 302]
[201, 38, 333, 301]
[200, 37, 333, 303]
[200, 37, 334, 305]
[200, 36, 336, 308]
[201, 36, 338, 308]
[204, 37, 338, 305]
[207, 41, 337, 301]
[207, 36, 338, 298]
[212, 34, 344, 297]
[213, 37, 342, 295]
[214, 38, 345, 299]
[214, 37, 344, 297]
[216, 40, 342, 291]
[216, 40, 342, 291]
[216, 40, 342, 291]
[216, 40, 342, 293]
[219, 42, 341, 286]
[220, 42, 341, 284]
[223, 35, 341, 271]
[223, 35, 341, 271]
[223, 35, 341, 271]
[225, 39, 340, 269]
[225, 39, 340, 269]
[226, 39, 341, 269]
[228, 41, 343, 270]
[228, 41, 343, 271]
[229, 43, 344, 273]
[229, 37, 350, 279]
[230, 34, 356, 286]
[234, 37, 356, 281]
[238, 39, 354, 271]
[241, 42, 353, 265]
[243, 42, 352, 260]
[244, 42, 351, 256]
[248, 47, 346, 243]
[249, 50, 347, 245]
[248, 46, 348, 246]
[248, 45, 346, 242]
[249, 42, 348, 240]
[250, 41, 345, 231]
[250, 40, 345, 230]
[248, 41, 346, 237]
[245, 29, 362, 262]
[246, 30, 360, 258]
[247, 33, 359, 257]
[255, 40, 356, 242]
[257, 38, 359, 243]
[265, 44, 359, 232]
[261, 40, 363, 244]
[265, 43, 358, 229]
[266, 45, 358, 229]
[266, 41, 359, 227]
[266, 44, 359, 229]
[265, 39, 360, 229]
[264, 38, 361, 232]
[264, 36, 361, 230]
[263, 33, 362, 232]
[270, 42, 363, 227]
[271, 42, 362, 224]
[271, 38, 364, 223]
[273, 37, 365, 221]
[276, 40, 366, 219]
[277, 37, 367, 217]
[277, 42, 365, 217]
[279, 40, 370, 221]
[279, 40, 370, 222]
[282, 40, 372, 221]
[283, 36, 375, 220]
[285, 36, 375, 216]
[287, 40, 374, 213]
[288, 39, 375, 212]
[288, 39, 375, 212]
[289, 37, 376, 210]
[292, 35, 380, 212]
[293, 35, 380, 209]
[294, 36, 380, 207]
[294, 35, 379, 205]
[295, 35, 379, 202]
[296, 34, 381, 203]
[296, 34, 381, 203]
[295, 29, 388, 214]
[296, 30, 385, 208]
[297, 35, 385, 211]
[297, 33, 386, 210]
[298, 31, 387, 209]
[299, 30, 389, 209]
[300, 29, 391, 210]
[301, 30, 390, 207]
[301, 30, 390, 209]
[303, 31, 390, 206]
[302, 30, 390, 206]
[303, 31, 391, 206]
[302, 29, 392, 208]
[303, 30, 391, 206]
[302, 30, 391, 208]
[300, 27, 393, 212]
[304, 29, 391, 204]
[306, 29, 392, 200]
[312, 33, 388, 186]
[313, 31, 392, 189]
[314, 32, 392, 188]
[317, 36, 392, 186]
[315, 32, 399, 200]
[315, 25, 399, 193]
[315, 25, 401, 198]
[315, 26, 401, 198]
[315, 26, 402, 199]
[315, 25, 402, 199]
[316, 27, 403, 201]
[230, 180, 310, 340]
[316, 27, 404, 202]
[317, 30, 402, 200]
[318, 31, 403, 201]
[316, 28, 403, 201]
[317, 27, 405, 202]
[316, 26, 406, 205]
[316, 25, 406, 205]
[317, 27, 405, 202]
[317, 25, 405, 201]
[316, 24, 407, 206]
[319, 30, 406, 204]
[318, 26, 409, 208]
[325, 26, 412, 199]
[323, 24, 410, 198]
[320, 22, 410, 202]
[322, 23, 411, 201]
[322, 23, 411, 201]
[327, 28, 409, 193]
[327, 28, 409, 193]
[327, 28, 409, 193]
[325, 29, 407, 193]
[314, 20, 415, 222]
[332, 30, 404, 174]
[320, 22, 410, 202]
[320, 22, 410, 202]
[322, 23, 412, 202]
[332, 30, 404, 174]
[334, 33, 406, 176]
[334, 33, 406, 176]
[335, 30, 407, 173]
[335, 30, 407, 173]
[312, 12, 419, 226]
[327, 25, 411, 193]
[329, 26, 411, 190]
[335, 30, 412, 183]
[335, 28, 416, 190]
[336, 28, 417, 189]
[338, 25, 419, 188]
[340, 27, 419, 186]
[340, 27, 419, 186]
[350, 31, 422, 174]
[350, 29, 422, 173]
[350, 29, 422, 173]
[352, 29, 424, 172]
[352, 28, 425, 173]
[356, 30, 426, 170]
[356, 30, 426, 170]
[363, 30, 436, 176]
[381, 25, 452, 166]
[388, 35, 455, 169]
[388, 35, 455, 169]
[386, 30, 459, 176]
[393, 32, 467, 178]
[396, 32, 469, 177]
[396, 26, 472, 177]
[396, 26, 472, 177]
[397, 26, 473, 177]
[397, 27, 474, 180]
[398, 26, 476, 181]
[398, 24, 478, 184]
[399, 25, 479, 185]
[400, 27, 478, 183]
[400, 24, 480, 184]
[401, 26, 481, 186]
[401, 26, 481, 186]
[404, 33, 479, 182]
[405, 33, 480, 183]
[404, 33, 479, 184]
[406, 34, 479, 180]
[406, 35, 478, 179]
[406, 35, 478, 179]
[406, 35, 478, 179]
[404, 27, 482, 182]
[406, 36, 479, 182]
[407, 37, 478, 178]
[407, 37, 478, 178]
[407, 38, 478, 179]
[405, 37, 479, 184]
[405, 34, 480, 183]
[405, 36, 479, 184]
[404, 33, 481, 187]
[395, 0, 491, 192]
[403, 33, 479, 186]
[393, 0, 490, 194]
[403, 33, 479, 186]
[393, 0, 490, 194]
[403, 33, 479, 186]
[404, 36, 480, 187]
[405, 37, 479, 185]
[402, 35, 482, 194]
[404, 35, 481, 189]
[404, 34, 480, 185]
[404, 34, 480, 185]
[404, 35, 480, 187]
[403, 34, 482, 192]
[402, 33, 484, 196]
[404, 36, 482, 191]
[404, 36, 482, 191]
[404, 36, 482, 191]
[404, 36, 482, 191]
[404, 37, 480, 188]
[404, 37, 480, 188]
[404, 38, 481, 192]
[404, 38, 481, 192]
[403, 37, 479, 189]
[403, 37, 480, 191]
[401, 36, 483, 199]
[400, 35, 484, 202]
[400, 36, 483, 202]
[402, 36, 482, 197]
[401, 37, 481, 197]
[401, 36, 483, 200]
[400, 35, 482, 200]
[400, 35, 484, 202]
[400, 36, 483, 203]
[399, 39, 482, 205]
[395, 37, 483, 212]
[392, 33, 483, 215]
[388, 29, 486, 225]
[388, 29, 486, 225]
[390, 32, 481, 213]
[389, 37, 481, 222]
[390, 39, 480, 219]
[395, 53, 474, 210]
[395, 56, 472, 210]
[391, 37, 478, 210]
[393, 51, 474, 213]
[390, 40, 480, 219]
[391, 39, 482, 220]
[393, 48, 478, 217]
[392, 38, 481, 216]
[394, 48, 478, 215]
[392, 36, 483, 217]
[392, 39, 482, 220]
[392, 39, 482, 218]
[391, 44, 480, 222]
[392, 49, 477, 219]
[392, 49, 477, 219]
[392, 51, 479, 225]
[393, 52, 479, 223]
[392, 51, 479, 225]
[392, 52, 478, 224]
[392, 53, 479, 226]
[392, 51, 479, 225]
[393, 58, 476, 224]
[393, 60, 478, 230]
[393, 61, 478, 231]
[393, 62, 477, 231]
[393, 63, 477, 231]
[394, 63, 477, 230]
[396, 67, 477, 228]
[394, 64, 477, 230]
[393, 61, 477, 230]
[394, 64, 477, 230]
[393, 64, 478, 233]
[392, 64, 478, 236]
[390, 59, 479, 237]
[390, 59, 478, 235]
[391, 60, 479, 235]
[389, 57, 479, 236]
[389, 60, 478, 238]
[389, 61, 476, 236]
[386, 57, 476, 238]
[387, 58, 477, 238]
[388, 60, 477, 238]
[388, 65, 476, 241]
[387, 62, 476, 240]
[382, 47, 479, 241]
[385, 65, 475, 246]
[386, 67, 475, 244]
[385, 67, 475, 246]
[381, 46, 481, 245]
[383, 72, 470, 246]
[381, 74, 469, 250]
[381, 76, 468, 251]
[382, 78, 468, 250]
[382, 80, 468, 252]
[376, 72, 469, 258]
[371, 64, 469, 260]
[367, 58, 471, 265]
[367, 58, 471, 266]
[363, 50, 473, 271]
[365, 52, 473, 268]
[368, 68, 468, 267]
[368, 68, 468, 268]
[367, 66, 468, 268]
[366, 64, 469, 270]
[365, 67, 469, 275]
[361, 65, 467, 278]
[360, 65, 469, 283]
[359, 60, 471, 284]
[357, 60, 472, 290]
[358, 66, 470, 289]
[360, 74, 468, 289]
[353, 45, 478, 295]
[348, 41, 477, 298]
[352, 63, 466, 292]
[356, 73, 464, 288]
[352, 67, 466, 295]
[351, 64, 468, 297]
[352, 62, 469, 295]
[352, 64, 468, 296]
[354, 68, 469, 298]
[345, 36, 480, 305]
[345, 39, 477, 303]
[354, 69, 471, 302]
[354, 72, 471, 306]
[355, 74, 472, 307]
[347, 37, 485, 312]
[348, 37, 484, 309]
[348, 37, 484, 309]
[356, 72, 475, 309]
[347, 38, 487, 316]
[348, 41, 485, 315]
[348, 41, 485, 315]
[349, 43, 486, 316]
[348, 44, 486, 320]
[347, 41, 490, 327]
[348, 44, 486, 320]
[349, 46, 481, 310]
[347, 44, 486, 322]
[338, 36, 493, 346]
[337, 34, 494, 348]
[362, 123, 463, 325]
[341, 43, 491, 342]
[339, 38, 495, 349]
[339, 41, 495, 352]
[339, 43, 495, 355]
[339, 43, 495, 355]
[340, 42, 497, 355]
[341, 36, 499, 351]
[343, 39, 496, 345]
[335, 37, 501, 370]
[338, 41, 501, 366]
[340, 43, 499, 362]
[339, 50, 498, 368]
[335, 49, 497, 373]
[335, 49, 497, 373]
[334, 48, 496, 371]
[330, 41, 496, 374]
[327, 41, 498, 382]
[325, 36, 499, 384]
[324, 40, 500, 393]
[326, 42, 501, 392]
[322, 43, 503, 404]
[322, 42, 506, 410]
[324, 46, 504, 407]
[324, 46, 504, 407]
[320, 43, 508, 419]
[322, 46, 506, 414]
[321, 48, 508, 422]
[318, 44, 510, 429]
[321, 45, 518, 439]
[318, 42, 515, 436]
[318, 42, 515, 436]
[318, 42, 515, 436]
[318, 48, 515, 442]
[318, 48, 515, 442]
[319, 57, 507, 433]
[322, 60, 504, 425]
[317, 52, 512, 441]
[316, 57, 503, 430]
[306, 55, 503, 449]
[331, 170, 465, 436]
[306, 55, 503, 449]
[310, 52, 505, 441]
[306, 55, 503, 449]
[310, 52, 505, 441]
[340, 198, 425, 368]
[327, 182, 467, 461]
[340, 202, 419, 360]
[330, 186, 467, 459]
[340, 206, 417, 359]
[329, 188, 466, 462]
[340, 207, 418, 362]
[296, 69, 487, 451]
[333, 198, 435, 402]
[321, 203, 440, 441]
[266, 114, 406, 394]
[210, 278, 277, 412]
[171, 171, 309, 446]
[197, 126, 269, 270]
[134, 287, 211, 442]
[134, 282, 207, 428]
[134, 278, 210, 431]
[141, 262, 215, 411]
[142, 262, 215, 407]
[144, 264, 214, 404]
[150, 255, 224, 403]
[152, 254, 224, 399]
[157, 252, 224, 386]
[209, 93, 280, 235]
[78, 139, 172, 326]
[13, 160, 105, 343]
[0, 162, 97, 356]
[0, 195, 67, 328]
